33164 rpc.mountd 11 0
33171 nfsd 2 0
33172 nfsd 2 0
33173 nfsd 2 0
33174 nfsd 2 0
33175 nfsd 2 0
33176 nfsd 2 0
33177 nfsd 2 0
33178 nfsd 2 0
33183 nfsd 2 0
33184 nfsd 2 0
33185 nfsd 2 0
33186 nfsd 2 0
33187 nfsd 2 0
33188 nfsd 2 0
33189 nfsd 2 0
33190 nfsd 2 0
33191 nfsd 2 0
33192 nfsd 2 0
33193 nfsd 2 0
33194 nfsd 2 0
33195 nfsd 2 0
33196 nfsd 2 0
33197 nfsd 2 0
33198 nfsd 2 0
33199 nfsd 2 0
33200 nfsd 2 0
33201 nfsd 2 0
33202 nfsd 2 0
33203 nfsd 2 0
33204 nfsd 20 0
33205 nfsd 9 0
33206 nfsd 30 0
