33164 rpc.mountd 11 0
33171 nfsd 2 0
33172 nfsd 2 0
33173 nfsd 2 0
33174 nfsd 2 0
33175 nfsd 2 0
33176 nfsd 2 0
33177 nfsd 2 0
33178 nfsd 2 0
33183 nfsd 2 0
33184 nfsd 2 0
33185 nfsd 2 0
33186 nfsd 3 0
33187 nfsd 15069 2
33188 nfsd 16273 1
33189 nfsd 15267 11
33190 nfsd 26712 3
33191 nfsd 17542 5
33192 nfsd 18963 9
33193 nfsd 16721 4
33194 nfsd 17748 2
33195 nfsd 16320 8
33196 nfsd 16029 6
33197 nfsd 18543 3
33198 nfsd 9082 5
33199 nfsd 7353 2
33200 nfsd 18706 10
33201 nfsd 15214 2
33202 nfsd 30048 6
33203 nfsd 27414 6
33204 nfsd 17866 2
33205 nfsd 18115 5
33206 nfsd 28897 6
