33164 rpc.mountd 11 0
33171 nfsd 2 0
33172 nfsd 2 0
33173 nfsd 2 0
33174 nfsd 2 0
33175 nfsd 2 0
33176 nfsd 2 0
33177 nfsd 2 0
33178 nfsd 2 0
33183 nfsd 2 0
33184 nfsd 2 0
33185 nfsd 2 0
33186 nfsd 3 0
33187 nfsd 8608 0
33188 nfsd 10227 1
33189 nfsd 7991 5
33190 nfsd 20130 3
33191 nfsd 10725 3
33192 nfsd 11129 5
33193 nfsd 10685 4
33194 nfsd 10501 2
33195 nfsd 11020 8
33196 nfsd 9991 5
33197 nfsd 11308 3
33198 nfsd 9070 5
33199 nfsd 1035 0
33200 nfsd 10891 10
33201 nfsd 9175 1
33202 nfsd 22984 3
33203 nfsd 19954 3
33204 nfsd 10816 2
33205 nfsd 11283 4
33206 nfsd 21965 6
