33164 rpc.mountd 11 0
33171 nfsd 2 0
33172 nfsd 2 0
33173 nfsd 2 0
33174 nfsd 2 0
33175 nfsd 2 0
33176 nfsd 2 0
33177 nfsd 2 0
33178 nfsd 2 0
33183 nfsd 2 0
33184 nfsd 2 0
33185 nfsd 2 0
33186 nfsd 3 0
33187 nfsd 1515 0
33188 nfsd 2507 0
33189 nfsd 2714 0
33190 nfsd 12254 1
33191 nfsd 3027 0
33192 nfsd 3469 0
33193 nfsd 3702 0
33194 nfsd 2739 2
33195 nfsd 2993 1
33196 nfsd 3007 0
33197 nfsd 3285 1
33198 nfsd 3037 1
33199 nfsd 1035 0
33200 nfsd 3113 6
33201 nfsd 2158 0
33202 nfsd 15319 0
33203 nfsd 11980 1
33204 nfsd 3083 1
33205 nfsd 3247 3
33206 nfsd 14081 4
